1632356557.0070329
1632356566.243664
1632356955.450863
1632356973.901686
1632356996.7269204
1632357050.51098
1632357084.4869509
1632357099.1984315
1632357150.013815
1632357173.3019767
1632357413.867283
1632357467.9745562
1632357488.8029726
1632357525.6867611
1632357550.4805033
1632357627.344794
1632357729.091331
1632357742.5096555
1632357760.5493221
1632357794.1248693
1632357821.0508342
1632357920.0991435
1632357943.7124257
1632358079.4572968
1632358156.2675104
1632358164.2934222
1632358200.3681154
1632358294.3039489
1632358326.1937895
1632358380.2386725
1632358444.9670684
1632358494.532779
1632358533.8918614
1632358711.247864
1632358770.995922
1632358816.1092112
1632358944.3995378
1632358985.4249964
1632359165.5080388
1632359281.8950524
1632359340.2594543
1632359981.5019295
1632360064.5663981
1632360107.3324947
1632360147.3735726
1632360171.378206
