,loss,training_accuracy,index,epoch,validation_accuracy,lr,validation recall
0,3.322676420211792,0.046875,0,0,0,0.0025170869707739694,0
1,26.12247657775879,0.046875,1,0,0,0.0025170869707739694,0
2,29.056798934936523,0.046875,2,0,0,0.0025170869707739694,0
3,20.681106567382812,0.046875,3,0,0,0.0025170869707739694,0
4,40.443572998046875,0.046875,4,0,0,0.0025170869707739694,0
5,24.107236862182617,0.0625,5,0,0,0.0025170869707739694,0
6,11.288308143615723,0.0625,6,0,0,0.0025170869707739694,0
7,7.333794116973877,0.0625,7,0,0,0.0025170869707739694,0
8,8.292296409606934,0.0625,8,0,0,0.0025170869707739694,0
9,8.019240379333496,0.0625,9,0,0,0.0025170869707739694,0
10,11.337343215942383,0.052083333333333336,10,0,0,0.0025170869707739694,0
11,6.342267036437988,0.052083333333333336,11,0,0,0.0025170869707739694,0
12,7.639678478240967,0.052083333333333336,12,0,0,0.0025170869707739694,0
13,4.370716094970703,0.052083333333333336,13,0,0,0.0025170869707739694,0
14,6.076937675476074,0.052083333333333336,14,0,0,0.0025170869707739694,0
15,5.053138256072998,0.07421875,15,0,0,0.0025170869707739694,0
16,5.278611660003662,0.07421875,16,0,0,0.0025170869707739694,0
17,4.715000152587891,0.07421875,17,0,0,0.0025170869707739694,0
18,5.751670837402344,0.07421875,18,0,0,0.0025170869707739694,0
19,3.5821681022644043,0.07421875,19,0,0,0.0025170869707739694,0
20,17.704086303710938,0.0875,20,0,0,0.0025170869707739694,0
21,3.3976850509643555,0.0875,21,0,0,0.0025170869707739694,0
22,3.3164076805114746,0.0875,22,0,0,0.0025170869707739694,0
23,4.358230113983154,0.0875,23,0,0,0.0025170869707739694,0
24,4.539820671081543,0.0875,24,0,0,0.0025170869707739694,0
25,4.661067962646484,0.09895833333333333,25,0,0,0.0025170869707739694,0
26,4.231304168701172,0.09895833333333333,26,0,0,0.0025170869707739694,0
27,5.605340957641602,0.09895833333333333,27,0,0,0.0025170869707739694,0
28,3.704643726348877,0.09895833333333333,28,0,0,0.0025170869707739694,0
29,12.81619644165039,0.09895833333333333,29,0,0,0.0025170869707739694,0
30,3.489471673965454,0.109375,30,0,0,0.0025170869707739694,0
31,3.6391401290893555,0.109375,31,0,0,0.0025170869707739694,0
32,5.508230686187744,0.109375,32,0,0,0.0025170869707739694,0
33,2.9219565391540527,0.109375,33,0,0,0.0025170869707739694,0
34,3.565814256668091,0.109375,34,0,0,0.0025170869707739694,0
35,4.399486064910889,0.11328125,35,0,0,0.0025170869707739694,0
36,5.120957851409912,0.11328125,36,0,0,0.0025170869707739694,0
37,4.7172088623046875,0.11328125,37,0,0,0.0025170869707739694,0
38,5.908068656921387,0.11328125,38,0,0,0.0025170869707739694,0
39,8.56476879119873,0.11328125,39,0,0,0.0025170869707739694,0
40,2.779449939727783,0.13020833333333334,40,0,0,0.0025170869707739694,0
