,loss,training_accuracy,index,epoch,validation_accuracy,lr,validation recall
0,3.1280574798583984,0.03125,0,0,0,0.0025170869707739694,0
1,2.826874017715454,0.03125,1,0,0,0.0025170869707739694,0
2,2.4551491737365723,0.03125,2,0,0,0.0025170869707739694,0
3,2.357278823852539,0.03125,3,0,0,0.0025170869707739694,0
4,2.3916738033294678,0.03125,4,0,0,0.0025170869707739694,0
5,2.3214266300201416,0.171875,5,0,0,0.0025170869707739694,0
6,2.0721335411071777,0.171875,6,0,0,0.0025170869707739694,0
7,1.9578566551208496,0.171875,7,0,0,0.0025170869707739694,0
8,1.9399726390838623,0.171875,8,0,0,0.0025170869707739694,0
9,1.8665719032287598,0.171875,9,0,0,0.0025170869707739694,0
10,1.5396703481674194,0.2760416666666667,10,0,0,0.0025170869707739694,0
11,1.69352388381958,0.2760416666666667,11,0,0,0.0025170869707739694,0
12,1.5086504220962524,0.2760416666666667,12,0,0,0.0025170869707739694,0
13,1.5152264833450317,0.2760416666666667,13,0,0,0.0025170869707739694,0
14,1.4951797723770142,0.2760416666666667,14,0,0,0.0025170869707739694,0
15,1.3099089860916138,0.34765625,15,0,0,0.0025170869707739694,0
16,1.091571569442749,0.34765625,16,0,0,0.0025170869707739694,0
17,1.4103991985321045,0.34765625,17,0,0,0.0025170869707739694,0
18,1.1402336359024048,0.34765625,18,0,0,0.0025170869707739694,0
19,1.017980933189392,0.34765625,19,0,0,0.0025170869707739694,0
20,1.054408311843872,0.4125,20,0,0,0.0025170869707739694,0
21,1.0271413326263428,0.4125,21,0,0,0.0025170869707739694,0
22,0.981117844581604,0.4125,22,0,0,0.0025170869707739694,0
23,0.665963351726532,0.4125,23,0,0,0.0025170869707739694,0
24,1.0793185234069824,0.4125,24,0,0,0.0025170869707739694,0
25,0.8259308934211731,0.46875,25,0,0,0.0025170869707739694,0
26,0.7335602641105652,0.46875,26,0,0,0.0025170869707739694,0
27,0.7016077637672424,0.46875,27,0,0,0.0025170869707739694,0
28,0.6242523193359375,0.46875,28,0,0,0.0025170869707739694,0
29,0.8553138971328735,0.46875,29,0,0,0.0025170869707739694,0
30,0.5626376867294312,0.5178571428571429,30,0,0,0.0025170869707739694,0
31,0.4967198669910431,0.5178571428571429,31,0,0,0.0025170869707739694,0
32,0.6757001876831055,0.5178571428571429,32,0,0,0.0025170869707739694,0
33,0.48053523898124695,0.5178571428571429,33,0,0,0.0025170869707739694,0
34,0.705152153968811,0.5178571428571429,34,0,0,0.0025170869707739694,0
35,0.6394396424293518,0.55078125,35,0,0,0.0025170869707739694,0
36,0.7128506898880005,0.55078125,36,0,0,0.0025170869707739694,0
37,0.48853254318237305,0.55078125,37,0,0,0.0025170869707739694,0
38,0.520809531211853,0.55078125,38,0,0,0.0025170869707739694,0
39,0.6812418699264526,0.55078125,39,0,0,0.0025170869707739694,0
40,0.7505812048912048,0.5694444444444444,40,0,0,0.0025170869707739694,0
41,0.8024563789367676,0.5694444444444444,41,0,0,0.0025170869707739694,0
42,0.8485841155052185,0.5694444444444444,42,0,0,0.0025170869707739694,0
43,0.41617676615715027,0.5694444444444444,43,0,0,0.0025170869707739694,0
44,0.5829367637634277,0.5694444444444444,44,0,0,0.0025170869707739694,0
45,0.5422302484512329,0.5890625,45,0,0,0.0025170869707739694,0
46,0.489365816116333,0.5890625,46,0,0,0.0025170869707739694,0
47,0.503058135509491,0.5890625,47,0,0,0.0025170869707739694,0
48,0.43002575635910034,0.5890625,48,0,0,0.0025170869707739694,0
49,0.5353578925132751,0.5890625,49,0,0,0.0025170869707739694,0
50,0.4323287606239319,0.6136363636363636,50,0,0,0.0025170869707739694,0
51,0.3789191246032715,0.6136363636363636,51,0,0,0.0025170869707739694,0
52,0.5543040633201599,0.6136363636363636,52,0,0,0.0025170869707739694,0
53,0.505047082901001,0.6136363636363636,53,0,0,0.0025170869707739694,0
54,0.28881534934043884,0.6136363636363636,54,0,0,0.0025170869707739694,0
55,0.35804247856140137,0.6354166666666666,55,0,0,0.0025170869707739694,0
56,0.4924951493740082,0.6354166666666666,56,0,0,0.0025170869707739694,0
57,0.6337307095527649,0.6354166666666666,57,0,0,0.0025170869707739694,0
58,0.6086982488632202,0.6354166666666666,58,0,0,0.0025170869707739694,0
59,0.41925930976867676,0.6354166666666666,59,0,0,0.0025170869707739694,0
60,0.6623594760894775,0.6394230769230769,60,0,0,0.0025170869707739694,0
61,0.40790078043937683,0.6394230769230769,61,0,0,0.0025170869707739694,0
62,0.37732067704200745,0.6394230769230769,62,0,0,0.0025170869707739694,0
63,0.41963115334510803,0.6394230769230769,63,0,0,0.0025170869707739694,0
64,0.28465986251831055,0.6394230769230769,64,0,0,0.0025170869707739694,0
65,0.6233341693878174,0.6473214285714286,65,0,0,0.0025170869707739694,0
66,0.35007554292678833,0.6473214285714286,66,0,0,0.0025170869707739694,0
67,0.6374000906944275,0.6473214285714286,67,0,0,0.0025170869707739694,0
68,0.5359761118888855,0.6473214285714286,68,0,0,0.0025170869707739694,0
69,0.4196971356868744,0.6473214285714286,69,0,0,0.0025170869707739694,0
70,0.3547477126121521,0.6604166666666667,70,0,0,0.0025170869707739694,0
71,0.41638803482055664,0.6604166666666667,71,0,0,0.0025170869707739694,0
72,0.6003484129905701,0.6604166666666667,72,0,0,0.0025170869707739694,0
73,0.36824169754981995,0.6604166666666667,73,0,0,0.0025170869707739694,0
74,0.5488297939300537,0.6604166666666667,74,0,0,0.0025170869707739694,0
75,0.6359909176826477,0.6650390625,75,0,0,0.0025170869707739694,0
76,0.27500206232070923,0.6650390625,76,0,0,0.0025170869707739694,0
77,0.643336832523346,0.6650390625,77,0,0,0.0025170869707739694,0
78,0.44838637113571167,0.6650390625,78,0,0,0.0025170869707739694,0
79,0.5141550898551941,0.6650390625,79,0,0,0.0025170869707739694,0
80,0.5075097680091858,0.6700367647058824,80,0,0,0.0025170869707739694,0
81,0.4298637807369232,0.6700367647058824,81,0,0,0.0025170869707739694,0
82,0.3000505864620209,0.6700367647058824,82,0,0,0.0025170869707739694,0
83,0.42029204964637756,0.6700367647058824,83,0,0,0.0025170869707739694,0
84,0.2561415433883667,0.6700367647058824,84,0,0,0.0025170869707739694,0
85,0.2774440050125122,0.6822916666666666,85,0,0,0.0025170869707739694,0
86,0.4603886902332306,0.6822916666666666,86,0,0,0.0025170869707739694,0
87,0.5661523938179016,0.6822916666666666,87,0,0,0.0025170869707739694,0
88,0.47874197363853455,0.6822916666666666,88,0,0,0.0025170869707739694,0
89,0.38805222511291504,0.6822916666666666,89,0,0,0.0025170869707739694,0
90,0.5260149240493774,0.6891447368421053,90,0,0,0.0025170869707739694,0
91,0.42498841881752014,0.6891447368421053,91,0,0,0.0025170869707739694,0
92,0.5219920873641968,0.6891447368421053,92,0,0,0.0025170869707739694,0
93,0.48191115260124207,0.6891447368421053,93,0,0,0.0025170869707739694,0
94,0.45916199684143066,0.6891447368421053,94,0,0,0.0025170869707739694,0
95,0.32837238907814026,0.6984375,95,0,0,0.0025170869707739694,0
96,0.5934363603591919,0.6984375,96,0,0,0.0025170869707739694,0
97,0.6217029094696045,0.6984375,97,0,0,0.0025170869707739694,0
98,0.32472023367881775,0.6984375,98,0,0,0.0025170869707739694,0
99,0.30905774235725403,0.6984375,99,0,0,0.0025170869707739694,0
100,0.34147822856903076,0.7061011904761905,100,0,0,0.0025170869707739694,0
101,0.379465252161026,0.7061011904761905,101,0,0,0.0025170869707739694,0
102,0.3638056814670563,0.7061011904761905,102,0,0,0.0025170869707739694,0
103,0.41099756956100464,0.7061011904761905,103,0,0,0.0025170869707739694,0
104,0.4354778826236725,0.7061011904761905,104,0,0,0.0025170869707739694,0
105,0.4005301892757416,0.7123579545454546,105,0,0,0.0025170869707739694,0
106,0.5184201002120972,0.7123579545454546,106,0,0,0.0025170869707739694,0
107,0.5037444829940796,0.7123579545454546,107,0,0,0.0025170869707739694,0
108,0.4709092676639557,0.7123579545454546,108,0,0,0.0025170869707739694,0
109,0.3629228174686432,0.7123579545454546,109,0,0,0.0025170869707739694,0
110,0.5413186550140381,0.7167119565217391,110,0,0,0.0025170869707739694,0
111,0.2752256393432617,0.7167119565217391,111,0,0,0.0025170869707739694,0
112,0.4007028639316559,0.7167119565217391,112,0,0,0.0025170869707739694,0
113,0.35977473855018616,0.7167119565217391,113,0,0,0.0025170869707739694,0
114,0.39051181077957153,0.7167119565217391,114,0,0,0.0025170869707739694,0
115,0.7131085991859436,0.7180989583333334,115,0,0,0.0025170869707739694,0
116,0.4080255627632141,0.7180989583333334,116,0,0,0.0025170869707739694,0
117,0.3542860150337219,0.7180989583333334,117,0,0,0.0025170869707739694,0
118,0.5080535411834717,0.7180989583333334,118,0,0,0.0025170869707739694,0
119,0.33489808440208435,0.7180989583333334,119,0,0,0.0025170869707739694,0
120,0.35378962755203247,0.724375,120,0,0,0.0025170869707739694,0
121,0.5008467435836792,0.724375,121,0,0,0.0025170869707739694,0
122,0.5634171962738037,0.724375,122,0,0,0.0025170869707739694,0
123,0.32491984963417053,0.724375,123,0,0,0.0025170869707739694,0
124,0.3418731391429901,0.724375,124,0,0,0.0025170869707739694,0
125,0.37038278579711914,0.7283653846153846,125,0,0,0.0025170869707739694,0
126,0.48662883043289185,0.7283653846153846,126,0,0,0.0025170869707739694,0
127,0.42214712500572205,0.7283653846153846,127,0,0,0.0025170869707739694,0
128,0.4388887286186218,0.7283653846153846,128,0,0,0.0025170869707739694,0
129,0.3505925238132477,0.7283653846153846,129,0,0,0.0025170869707739694,0
130,0.416677325963974,0.7320601851851852,130,0,0,0.0025170869707739694,0
131,0.37536534667015076,0.7320601851851852,131,0,0,0.0025170869707739694,0
132,0.5055038332939148,0.7320601851851852,132,0,0,0.0025170869707739694,0
133,0.4977349042892456,0.7320601851851852,133,0,0,0.0025170869707739694,0
134,0.37746745347976685,0.7320601851851852,134,0,0,0.0025170869707739694,0
135,0.34153881669044495,0.7371651785714286,135,0,0,0.0025170869707739694,0
136,0.2116515338420868,0.7371651785714286,136,0,0,0.0025170869707739694,0
137,0.2868441343307495,0.7371651785714286,137,0,0,0.0025170869707739694,0
138,0.3090410828590393,0.7371651785714286,138,0,0,0.0025170869707739694,0
139,0.3605321943759918,0.7371651785714286,139,0,0,0.0025170869707739694,0
140,0.3207601010799408,0.7413793103448276,140,0,0,0.0025170869707739694,0
141,0.5025632977485657,0.7413793103448276,141,0,0,0.0025170869707739694,0
142,0.37682223320007324,0.7413793103448276,142,0,0,0.0025170869707739694,0
143,0.4033566415309906,0.7413793103448276,143,0,0,0.0025170869707739694,0
144,0.4729185998439789,0.7413793103448276,144,0,0,0.0025170869707739694,0
145,0.2635861933231354,0.7463541666666667,145,0,0,0.0025170869707739694,0
146,0.3795858323574066,0.7463541666666667,146,0,0,0.0025170869707739694,0
147,0.6030988693237305,0.7463541666666667,147,0,0,0.0025170869707739694,0
148,0.21897132694721222,0.7463541666666667,148,0,0,0.0025170869707739694,0
149,0.3254491984844208,0.7463541666666667,149,0,0,0.0025170869707739694,0
150,0.2330792099237442,0.7515120967741935,150,0,0,0.0025170869707739694,0
151,0.3746818006038666,0.7515120967741935,151,0,0,0.0025170869707739694,0
152,0.2652253806591034,0.7515120967741935,152,0,0,0.0025170869707739694,0
153,0.32632318139076233,0.7515120967741935,153,0,0,0.0025170869707739694,0
154,0.4949757158756256,0.7515120967741935,154,0,0,0.0025170869707739694,0
155,0.49838969111442566,0.75146484375,155,0,0,0.0025170869707739694,0
156,0.38097062706947327,0.75146484375,156,0,0,0.0025170869707739694,0
157,0.3718623220920563,0.75146484375,157,0,0,0.0025170869707739694,0
158,0.3593251705169678,0.75146484375,158,0,0,0.0025170869707739694,0
159,0.34121912717819214,0.75146484375,159,0,0,0.0025170869707739694,0
160,0.4443156123161316,0.7542613636363636,160,0,0,0.0025170869707739694,0
161,0.42361775040626526,0.7542613636363636,161,0,0,0.0025170869707739694,0
162,0.3624304234981537,0.7542613636363636,162,0,0,0.0025170869707739694,0
163,0.6030337810516357,0.7542613636363636,163,0,0,0.0025170869707739694,0
164,0.3329243063926697,0.7573529411764706,0,1,0,0.0025170869707739694,0
165,0.38210830092430115,0.7573529411764706,1,1,0,0.0025170869707739694,0
166,0.36468034982681274,0.7573529411764706,2,1,0,0.0025170869707739694,0
167,0.2059842348098755,0.7573529411764706,3,1,0,0.0025170869707739694,0
168,0.46790358424186707,0.7573529411764706,4,1,0,0.0025170869707739694,0
169,0.40745624899864197,0.7598214285714285,5,1,0,0.0025170869707739694,0
170,0.24069833755493164,0.7598214285714285,6,1,0,0.0025170869707739694,0
171,0.35168012976646423,0.7598214285714285,7,1,0,0.0025170869707739694,0
172,0.3374291956424713,0.7598214285714285,8,1,0,0.0025170869707739694,0
173,0.17212562263011932,0.7598214285714285,9,1,0,0.0025170869707739694,0
174,0.4101395010948181,0.7612847222222222,10,1,0,0.0025170869707739694,0
175,0.38521894812583923,0.7612847222222222,11,1,0,0.0025170869707739694,0
176,0.34198644757270813,0.7612847222222222,12,1,0,0.0025170869707739694,0
177,0.40352970361709595,0.7612847222222222,13,1,0,0.0025170869707739694,0
178,0.3114885687828064,0.7612847222222222,14,1,0,0.0025170869707739694,0
179,0.31969091296195984,0.7643581081081081,15,1,0,0.0025170869707739694,0
180,0.42176857590675354,0.7643581081081081,16,1,0,0.0025170869707739694,0
181,0.34224388003349304,0.7643581081081081,17,1,0,0.0025170869707739694,0
182,0.427863210439682,0.7643581081081081,18,1,0,0.0025170869707739694,0
183,0.3836904466152191,0.7643581081081081,19,1,0,0.0025170869707739694,0
184,0.24791955947875977,0.7676809210526315,20,1,0,0.0025170869707739694,0
185,0.3650469481945038,0.7676809210526315,21,1,0,0.0025170869707739694,0
186,0.22617320716381073,0.7676809210526315,22,1,0,0.0025170869707739694,0
187,0.29598286747932434,0.7676809210526315,23,1,0,0.0025170869707739694,0
188,0.36310550570487976,0.7676809210526315,24,1,0,0.0025170869707739694,0
189,0.2522936165332794,0.7704326923076923,25,1,0,0.0025170869707739694,0
190,0.686060905456543,0.7704326923076923,26,1,0,0.0025170869707739694,0
191,0.4857226312160492,0.7704326923076923,27,1,0,0.0025170869707739694,0
192,0.408460408449173,0.7704326923076923,28,1,0,0.0025170869707739694,0
193,0.4589974284172058,0.7704326923076923,29,1,0,0.0025170869707739694,0
194,0.2937556207180023,0.773046875,30,1,0,0.0025170869707739694,0
195,0.338554710149765,0.773046875,31,1,0,0.0025170869707739694,0
196,0.4245964586734772,0.773046875,32,1,0,0.0025170869707739694,0
197,0.33842068910598755,0.773046875,33,1,0,0.0025170869707739694,0
198,0.30289527773857117,0.773046875,34,1,0,0.0025170869707739694,0
199,0.38575246930122375,0.774390243902439,35,1,0,0.0025170869707739694,0
200,0.3514948785305023,0.774390243902439,36,1,0,0.0025170869707739694,0
201,0.3015342950820923,0.774390243902439,37,1,0,0.0025170869707739694,0
202,0.40305933356285095,0.774390243902439,38,1,0,0.0025170869707739694,0
203,0.28115934133529663,0.774390243902439,39,1,0,0.0025170869707739694,0
204,0.3648235499858856,0.7764136904761905,40,1,0,0.0025170869707739694,0
205,0.28493937849998474,0.7764136904761905,41,1,0,0.0025170869707739694,0
206,0.16254782676696777,0.7764136904761905,42,1,0,0.0025170869707739694,0
207,0.46182960271835327,0.7764136904761905,43,1,0,0.0025170869707739694,0
208,0.2765760123729706,0.7764136904761905,44,1,0,0.0025170869707739694,0
209,0.2515786588191986,0.7787063953488372,45,1,0,0.0025170869707739694,0
210,0.2877437174320221,0.7787063953488372,46,1,0,0.0025170869707739694,0
211,0.3779955208301544,0.7787063953488372,47,1,0,0.0025170869707739694,0
212,0.3392215669155121,0.7787063953488372,48,1,0,0.0025170869707739694,0
213,0.33603304624557495,0.7787063953488372,49,1,0,0.0025170869707739694,0
214,0.3791148066520691,0.7801846590909091,50,1,0,0.0025170869707739694,0
215,0.401413232088089,0.7801846590909091,51,1,0,0.0025170869707739694,0
216,0.44675755500793457,0.7801846590909091,52,1,0,0.0025170869707739694,0
217,0.33357781171798706,0.7801846590909091,53,1,0,0.0025170869707739694,0
218,0.2054935097694397,0.7801846590909091,54,1,0,0.0025170869707739694,0
219,0.156625896692276,0.7840277777777778,55,1,0,0.0025170869707739694,0
220,0.3350038230419159,0.7840277777777778,56,1,0,0.0025170869707739694,0
221,0.2950143814086914,0.7840277777777778,57,1,0,0.0025170869707739694,0
222,0.3457767963409424,0.7840277777777778,58,1,0,0.0025170869707739694,0
223,0.24277721345424652,0.7840277777777778,59,1,0,0.0025170869707739694,0
224,0.35873499512672424,0.7853260869565217,60,1,0,0.0025170869707739694,0
225,0.3752458393573761,0.7853260869565217,61,1,0,0.0025170869707739694,0
226,0.36458027362823486,0.7853260869565217,62,1,0,0.0025170869707739694,0
227,0.3275248408317566,0.7853260869565217,63,1,0,0.0025170869707739694,0
228,0.35063695907592773,0.7853260869565217,64,1,0,0.0025170869707739694,0
229,0.46256405115127563,0.7845744680851063,65,1,0,0.0025170869707739694,0
230,0.32347625494003296,0.7845744680851063,66,1,0,0.0025170869707739694,0
231,0.2171829342842102,0.7845744680851063,67,1,0,0.0025170869707739694,0
232,0.42917972803115845,0.7845744680851063,68,1,0,0.0025170869707739694,0
233,0.36715269088745117,0.7845744680851063,69,1,0,0.0025170869707739694,0
234,0.4213654696941376,0.7841796875,70,1,0,0.0025170869707739694,0
235,0.16900406777858734,0.7841796875,71,1,0,0.0025170869707739694,0
236,0.40167737007141113,0.7841796875,72,1,0,0.0025170869707739694,0
237,0.4394024908542633,0.7841796875,73,1,0,0.0025170869707739694,0
238,0.390428364276886,0.7841796875,74,1,0,0.0025170869707739694,0
239,0.1478588581085205,0.7873086734693877,75,1,0,0.0025170869707739694,0
240,0.34126758575439453,0.7873086734693877,76,1,0,0.0025170869707739694,0
241,0.4439522325992584,0.7873086734693877,77,1,0,0.0025170869707739694,0
242,0.3711291253566742,0.7873086734693877,78,1,0,0.0025170869707739694,0
243,0.26822182536125183,0.7873086734693877,79,1,0,0.0025170869707739694,0
244,0.31094086170196533,0.7884375,80,1,0,0.0025170869707739694,0
245,0.3025348484516144,0.7884375,81,1,0,0.0025170869707739694,0
246,0.3113058805465698,0.7884375,82,1,0,0.0025170869707739694,0
247,0.37069231271743774,0.7884375,83,1,0,0.0025170869707739694,0
248,0.29675960540771484,0.7884375,84,1,0,0.0025170869707739694,0
249,0.48472657799720764,0.7886029411764706,85,1,0,0.0025170869707739694,0
250,0.2900589108467102,0.7886029411764706,86,1,0,0.0025170869707739694,0
251,0.33663901686668396,0.7886029411764706,87,1,0,0.0025170869707739694,0
252,0.28729403018951416,0.7886029411764706,88,1,0,0.0025170869707739694,0
253,0.19105175137519836,0.7886029411764706,89,1,0,0.0025170869707739694,0
254,0.3128056228160858,0.7899639423076923,90,1,0,0.0025170869707739694,0
255,0.35750964283943176,0.7899639423076923,91,1,0,0.0025170869707739694,0
256,0.35281065106391907,0.7899639423076923,92,1,0,0.0025170869707739694,0
257,0.434724360704422,0.7899639423076923,93,1,0,0.0025170869707739694,0
258,0.22106535732746124,0.7899639423076923,94,1,0,0.0025170869707739694,0
259,0.2236727923154831,0.7921580188679245,95,1,0,0.0025170869707739694,0
260,0.3147750794887543,0.7921580188679245,96,1,0,0.0025170869707739694,0
261,0.2091718316078186,0.7921580188679245,97,1,0,0.0025170869707739694,0
262,0.3594169616699219,0.7921580188679245,98,1,0,0.0025170869707739694,0
263,0.1561705321073532,0.7921580188679245,99,1,0,0.0025170869707739694,0
264,0.4901140630245209,0.7916666666666666,100,1,0,0.0025170869707739694,0
265,0.34879621863365173,0.7916666666666666,101,1,0,0.0025170869707739694,0
266,0.2514614462852478,0.7916666666666666,102,1,0,0.0025170869707739694,0
267,0.32973673939704895,0.7916666666666666,103,1,0,0.0025170869707739694,0
268,0.2522604465484619,0.7916666666666666,104,1,0,0.0025170869707739694,0
269,0.2366308569908142,0.7934659090909091,105,1,0,0.0025170869707739694,0
270,0.4067992866039276,0.7934659090909091,106,1,0,0.0025170869707739694,0
271,0.29288581013679504,0.7934659090909091,107,1,0,0.0025170869707739694,0
272,0.23281355202198029,0.7934659090909091,108,1,0,0.0025170869707739694,0
273,0.3307717442512512,0.7934659090909091,109,1,0,0.0025170869707739694,0
274,0.23704588413238525,0.7954799107142857,110,1,0,0.0025170869707739694,0
275,0.34685975313186646,0.7954799107142857,111,1,0,0.0025170869707739694,0
276,0.3299417793750763,0.7954799107142857,112,1,0,0.0025170869707739694,0
277,0.24039635062217712,0.7954799107142857,113,1,0,0.0025170869707739694,0
278,0.25083521008491516,0.7954799107142857,114,1,0,0.0025170869707739694,0
279,0.3268335461616516,0.7966008771929824,115,1,0,0.0025170869707739694,0
280,0.2612541913986206,0.7966008771929824,116,1,0,0.0025170869707739694,0
281,0.516021728515625,0.7966008771929824,117,1,0,0.0025170869707739694,0
282,0.33396676182746887,0.7966008771929824,118,1,0,0.0025170869707739694,0
283,0.31807148456573486,0.7966008771929824,119,1,0,0.0025170869707739694,0
284,0.3034999966621399,0.7976831896551724,120,1,0,0.0025170869707739694,0
285,0.3162933886051178,0.7976831896551724,121,1,0,0.0025170869707739694,0
286,0.2470846176147461,0.7976831896551724,122,1,0,0.0025170869707739694,0
287,0.2212042510509491,0.7976831896551724,123,1,0,0.0025170869707739694,0
288,0.26793354749679565,0.7976831896551724,124,1,0,0.0025170869707739694,0
289,0.23287814855575562,0.800052966101695,125,1,0,0.0025170869707739694,0
290,0.27341315150260925,0.800052966101695,126,1,0,0.0025170869707739694,0
291,0.3432965576648712,0.800052966101695,127,1,0,0.0025170869707739694,0
292,0.32064536213874817,0.800052966101695,128,1,0,0.0025170869707739694,0
293,0.27104005217552185,0.800052966101695,129,1,0,0.0025170869707739694,0
294,0.3296792209148407,0.80078125,130,1,0,0.0025170869707739694,0
295,0.2522399425506592,0.80078125,131,1,0,0.0025170869707739694,0
296,0.2030516266822815,0.80078125,132,1,0,0.0025170869707739694,0
297,0.30149582028388977,0.80078125,133,1,0,0.0025170869707739694,0
298,0.35485565662384033,0.80078125,134,1,0,0.0025170869707739694,0
299,0.24913102388381958,0.8019979508196722,135,1,0,0.0025170869707739694,0
300,0.35914626717567444,0.8019979508196722,136,1,0,0.0025170869707739694,0
301,0.37780746817588806,0.8019979508196722,137,1,0,0.0025170869707739694,0
302,0.266877681016922,0.8019979508196722,138,1,0,0.0025170869707739694,0
303,0.21951717138290405,0.8019979508196722,139,1,0,0.0025170869707739694,0
304,0.23332570493221283,0.8041834677419355,140,1,0,0.0025170869707739694,0
305,0.37751102447509766,0.8041834677419355,141,1,0,0.0025170869707739694,0
306,0.4039999842643738,0.8041834677419355,142,1,0,0.0025170869707739694,0
307,0.24546770751476288,0.8041834677419355,143,1,0,0.0025170869707739694,0
308,0.3058263659477234,0.8041834677419355,144,1,0,0.0025170869707739694,0
309,0.3215580880641937,0.8048115079365079,145,1,0,0.0025170869707739694,0
310,0.3634033799171448,0.8048115079365079,146,1,0,0.0025170869707739694,0
311,0.334490031003952,0.8048115079365079,147,1,0,0.0025170869707739694,0
312,0.2720797061920166,0.8048115079365079,148,1,0,0.0025170869707739694,0
313,0.15716801583766937,0.8048115079365079,149,1,0,0.0025170869707739694,0
314,0.3467905819416046,0.805419921875,150,1,0,0.0025170869707739694,0
315,0.25711551308631897,0.805419921875,151,1,0,0.0025170869707739694,0
316,0.37049400806427,0.805419921875,152,1,0,0.0025170869707739694,0
317,0.32824382185935974,0.805419921875,153,1,0,0.0025170869707739694,0
318,0.19446192681789398,0.805419921875,154,1,0,0.0025170869707739694,0
319,0.44127771258354187,0.8057692307692308,155,1,0,0.0025170869707739694,0
320,0.2449190467596054,0.8057692307692308,156,1,0,0.0025170869707739694,0
321,0.46289557218551636,0.8057692307692308,157,1,0,0.0025170869707739694,0
322,0.261560320854187,0.8057692307692308,158,1,0,0.0025170869707739694,0
323,0.40443721413612366,0.8057692307692308,159,1,0,0.0025170869707739694,0
324,0.3935917317867279,0.8065814393939394,160,1,0,0.0025170869707739694,0
325,0.4126458764076233,0.8065814393939394,161,1,0,0.0025170869707739694,0
326,0.39850810170173645,0.8065814393939394,162,1,0,0.0025170869707739694,0
327,0.2847740352153778,0.8065814393939394,163,1,0,0.0025170869707739694,0
328,0.30822300910949707,0.8076026119402985,0,2,0,0.0025170869707739694,0
329,0.26722007989883423,0.8076026119402985,1,2,0,0.0025170869707739694,0
330,0.3264221251010895,0.8076026119402985,2,2,0,0.0025170869707739694,0
331,0.28816863894462585,0.8076026119402985,3,2,0,0.0025170869707739694,0
332,0.3338533341884613,0.8076026119402985,4,2,0,0.0025170869707739694,0
333,0.4463694989681244,0.8076746323529411,5,2,0,0.0025170869707739694,0
334,0.46059519052505493,0.8076746323529411,6,2,0,0.0025170869707739694,0
335,0.43097591400146484,0.8076746323529411,7,2,0,0.0025170869707739694,0
336,0.2843780219554901,0.8076746323529411,8,2,0,0.0025170869707739694,0
337,0.3142993748188019,0.8076746323529411,9,2,0,0.0025170869707739694,0
338,0.27648887038230896,0.8086503623188406,10,2,0,0.0025170869707739694,0
339,0.3659338057041168,0.8086503623188406,11,2,0,0.0025170869707739694,0
340,0.35720059275627136,0.8086503623188406,12,2,0,0.0025170869707739694,0
341,0.25407111644744873,0.8086503623188406,13,2,0,0.0025170869707739694,0
342,0.23528435826301575,0.8086503623188406,14,2,0,0.0025170869707739694,0
343,0.23341748118400574,0.8098214285714286,15,2,0,0.0025170869707739694,0
344,0.24615073204040527,0.8098214285714286,16,2,0,0.0025170869707739694,0
345,0.18429510295391083,0.8098214285714286,17,2,0,0.0025170869707739694,0
346,0.2870192229747772,0.8098214285714286,18,2,0,0.0025170869707739694,0
347,0.2379274219274521,0.8098214285714286,19,2,0,0.0025170869707739694,0
348,0.3118980824947357,0.8116197183098591,20,2,0,0.0025170869707739694,0
349,0.3143395781517029,0.8116197183098591,21,2,0,0.0025170869707739694,0
350,0.19326581060886383,0.8116197183098591,22,2,0,0.0025170869707739694,0
351,0.1921370029449463,0.8116197183098591,23,2,0,0.0025170869707739694,0
352,0.24014660716056824,0.8116197183098591,24,2,0,0.0025170869707739694,0
353,0.26294925808906555,0.8129340277777778,25,2,0,0.0025170869707739694,0
354,0.1775554120540619,0.8129340277777778,26,2,0,0.0025170869707739694,0
355,0.2375735491514206,0.8129340277777778,27,2,0,0.0025170869707739694,0
356,0.22894947230815887,0.8129340277777778,28,2,0,0.0025170869707739694,0
357,0.279136061668396,0.8129340277777778,29,2,0,0.0025170869707739694,0
358,0.30919456481933594,0.8137842465753424,30,2,0,0.0025170869707739694,0
359,0.19145889580249786,0.8137842465753424,31,2,0,0.0025170869707739694,0
360,0.3885945677757263,0.8137842465753424,32,2,0,0.0025170869707739694,0
361,0.19580799341201782,0.8137842465753424,33,2,0,0.0025170869707739694,0
362,0.29468220472335815,0.8137842465753424,34,2,0,0.0025170869707739694,0
363,0.2107776701450348,0.8152449324324325,35,2,0,0.0025170869707739694,0
364,0.2801838517189026,0.8152449324324325,36,2,0,0.0025170869707739694,0
365,0.37319469451904297,0.8152449324324325,37,2,0,0.0025170869707739694,0
366,0.19764113426208496,0.8152449324324325,38,2,0,0.0025170869707739694,0
367,0.25464141368865967,0.8152449324324325,39,2,0,0.0025170869707739694,0
368,0.2612881362438202,0.8160416666666667,40,2,0,0.0025170869707739694,0
369,0.24646790325641632,0.8160416666666667,41,2,0,0.0025170869707739694,0
370,0.24336817860603333,0.8160416666666667,42,2,0,0.0025170869707739694,0
371,0.2682730257511139,0.8160416666666667,43,2,0,0.0025170869707739694,0
372,0.21739213168621063,0.8160416666666667,44,2,0,0.0025170869707739694,0
373,0.24835611879825592,0.8166118421052632,45,2,0,0.0025170869707739694,0
374,0.3114190697669983,0.8166118421052632,46,2,0,0.0025170869707739694,0
375,0.3080456256866455,0.8166118421052632,47,2,0,0.0025170869707739694,0
376,0.1802304983139038,0.8166118421052632,48,2,0,0.0025170869707739694,0
377,0.16503024101257324,0.8166118421052632,49,2,0,0.0025170869707739694,0
378,0.4043698310852051,0.8165584415584416,50,2,0,0.0025170869707739694,0
379,0.24758046865463257,0.8165584415584416,51,2,0,0.0025170869707739694,0
380,0.21252776682376862,0.8165584415584416,52,2,0,0.0025170869707739694,0
381,0.24052734673023224,0.8165584415584416,53,2,0,0.0025170869707739694,0
382,0.19625705480575562,0.8165584415584416,54,2,0,0.0025170869707739694,0
383,0.33930882811546326,0.8173076923076923,55,2,0,0.0025170869707739694,0
384,0.168238565325737,0.8173076923076923,56,2,0,0.0025170869707739694,0
385,0.3020647168159485,0.8173076923076923,57,2,0,0.0025170869707739694,0
386,0.22610856592655182,0.8173076923076923,58,2,0,0.0025170869707739694,0
387,0.2939220666885376,0.8173076923076923,59,2,0,0.0025170869707739694,0
388,0.14273226261138916,0.8188291139240507,60,2,0,0.0025170869707739694,0
389,0.2784794867038727,0.8188291139240507,61,2,0,0.0025170869707739694,0
390,0.25225111842155457,0.8188291139240507,62,2,0,0.0025170869707739694,0
391,0.24375908076763153,0.8188291139240507,63,2,0,0.0025170869707739694,0
392,0.32524868845939636,0.8188291139240507,64,2,0,0.0025170869707739694,0
393,0.22788716852664948,0.8197265625,65,2,0,0.0025170869707739694,0
394,0.2594926059246063,0.8197265625,66,2,0,0.0025170869707739694,0
395,0.31652405858039856,0.8197265625,67,2,0,0.0025170869707739694,0
396,0.4294276535511017,0.8197265625,68,2,0,0.0025170869707739694,0
397,0.2482602447271347,0.8197265625,69,2,0,0.0025170869707739694,0
398,0.14756089448928833,0.8211805555555556,70,2,0,0.0025170869707739694,0
399,0.2214386910200119,0.8211805555555556,71,2,0,0.0025170869707739694,0
400,0.25313901901245117,0.8211805555555556,72,2,0,0.0025170869707739694,0
401,0.11787823587656021,0.8211805555555556,73,2,0,0.0025170869707739694,0
402,0.1779717206954956,0.8211805555555556,74,2,0,0.0025170869707739694,0
403,0.06812049448490143,0.823170731707317,75,2,0,0.0025170869707739694,0
404,0.2949705123901367,0.823170731707317,76,2,0,0.0025170869707739694,0
405,0.5115811228752136,0.823170731707317,77,2,0,0.0025170869707739694,0
406,0.213626891374588,0.823170731707317,78,2,0,0.0025170869707739694,0
407,0.30358031392097473,0.823170731707317,79,2,0,0.0025170869707739694,0
408,0.20883196592330933,0.8241716867469879,80,2,0,0.0025170869707739694,0
409,0.34545254707336426,0.8241716867469879,81,2,0,0.0025170869707739694,0
410,0.3455069363117218,0.8241716867469879,82,2,0,0.0025170869707739694,0
411,0.23197585344314575,0.8241716867469879,83,2,0,0.0025170869707739694,0
412,0.289479523897171,0.8241716867469879,84,2,0,0.0025170869707739694,0
413,0.2142093926668167,0.8255208333333334,85,2,0,0.0025170869707739694,0
414,0.5046203136444092,0.8255208333333334,86,2,0,0.0025170869707739694,0
415,0.5255014896392822,0.8255208333333334,87,2,0,0.0025170869707739694,0
416,0.35120540857315063,0.8255208333333334,88,2,0,0.0025170869707739694,0
417,0.16875340044498444,0.8255208333333334,89,2,0,0.0025170869707739694,0
418,0.21350246667861938,0.8262867647058824,90,2,0,0.0025170869707739694,0
419,0.3197077512741089,0.8262867647058824,91,2,0,0.0025170869707739694,0
420,0.31029587984085083,0.8262867647058824,92,2,0,0.0025170869707739694,0
421,0.27776435017585754,0.8262867647058824,93,2,0,0.0025170869707739694,0
422,0.16513095796108246,0.8262867647058824,94,2,0,0.0025170869707739694,0
423,0.2500983476638794,0.826671511627907,95,2,0,0.0025170869707739694,0
424,0.1575186848640442,0.826671511627907,96,2,0,0.0025170869707739694,0
425,0.2133602350950241,0.826671511627907,97,2,0,0.0025170869707739694,0
426,0.15200382471084595,0.826671511627907,98,2,0,0.0025170869707739694,0
427,0.3211510479450226,0.826671511627907,99,2,0,0.0025170869707739694,0
428,0.48027265071868896,0.8266882183908046,100,2,0,0.0025170869707739694,0
429,0.3371543288230896,0.8266882183908046,101,2,0,0.0025170869707739694,0
430,0.40073052048683167,0.8266882183908046,102,2,0,0.0025170869707739694,0
431,0.2282055765390396,0.8266882183908046,103,2,0,0.0025170869707739694,0
432,0.2600633203983307,0.8266882183908046,104,2,0,0.0025170869707739694,0
433,0.31093740463256836,0.8267045454545454,105,2,0,0.0025170869707739694,0
434,0.42341071367263794,0.8267045454545454,106,2,0,0.0025170869707739694,0
435,0.25369781255722046,0.8267045454545454,107,2,0,0.0025170869707739694,0
436,0.1526898294687271,0.8267045454545454,108,2,0,0.0025170869707739694,0
437,0.38498353958129883,0.8267045454545454,109,2,0,0.0025170869707739694,0
438,0.34172242879867554,0.8267205056179775,110,2,0,0.0025170869707739694,0
439,0.09122243523597717,0.8267205056179775,111,2,0,0.0025170869707739694,0
440,0.18243247270584106,0.8267205056179775,112,2,0,0.0025170869707739694,0
441,0.43832650780677795,0.8267205056179775,113,2,0,0.0025170869707739694,0
442,0.26818540692329407,0.8267205056179775,114,2,0,0.0025170869707739694,0
443,0.2475247085094452,0.8277777777777777,115,2,0,0.0025170869707739694,0
444,0.35432782769203186,0.8277777777777777,116,2,0,0.0025170869707739694,0
445,0.1583976149559021,0.8277777777777777,117,2,0,0.0025170869707739694,0
446,0.3960149884223938,0.8277777777777777,118,2,0,0.0025170869707739694,0
447,0.4544028639793396,0.8277777777777777,119,2,0,0.0025170869707739694,0
448,0.2705554962158203,0.8284684065934066,120,2,0,0.0025170869707739694,0
449,0.16559414565563202,0.8284684065934066,121,2,0,0.0025170869707739694,0
450,0.15970340371131897,0.8284684065934066,122,2,0,0.0025170869707739694,0
451,0.18398255109786987,0.8284684065934066,123,2,0,0.0025170869707739694,0
452,0.22457456588745117,0.8284684065934066,124,2,0,0.0025170869707739694,0
453,0.5266168117523193,0.8286345108695652,125,2,0,0.0025170869707739694,0
454,0.15866202116012573,0.8286345108695652,126,2,0,0.0025170869707739694,0
455,0.2248864620923996,0.8286345108695652,127,2,0,0.0025170869707739694,0
456,0.17661398649215698,0.8286345108695652,128,2,0,0.0025170869707739694,0
457,0.19583341479301453,0.8286345108695652,129,2,0,0.0025170869707739694,0
458,0.20721890032291412,0.8294690860215054,130,2,0,0.0025170869707739694,0
459,0.15366707742214203,0.8294690860215054,131,2,0,0.0025170869707739694,0
460,0.2603023648262024,0.8294690860215054,132,2,0,0.0025170869707739694,0
461,0.34616753458976746,0.8294690860215054,133,2,0,0.0025170869707739694,0
462,0.36273300647735596,0.8294690860215054,134,2,0,0.0025170869707739694,0
463,0.16377601027488708,0.8304521276595744,135,2,0,0.0025170869707739694,0
464,0.31518206000328064,0.8304521276595744,136,2,0,0.0025170869707739694,0
465,0.4165526330471039,0.8304521276595744,137,2,0,0.0025170869707739694,0
466,0.2634619474411011,0.8304521276595744,138,2,0,0.0025170869707739694,0
467,0.20153319835662842,0.8304521276595744,139,2,0,0.0025170869707739694,0
468,0.18339048326015472,0.83125,140,2,0,0.0025170869707739694,0
469,0.30655890703201294,0.83125,141,2,0,0.0025170869707739694,0
470,0.26351889967918396,0.83125,142,2,0,0.0025170869707739694,0
471,0.24622096121311188,0.83125,143,2,0,0.0025170869707739694,0
472,0.2879725396633148,0.83125,144,2,0,0.0025170869707739694,0
473,0.30975520610809326,0.8313802083333334,145,2,0,0.0025170869707739694,0
474,0.16558650135993958,0.8313802083333334,146,2,0,0.0025170869707739694,0
475,0.32284367084503174,0.8313802083333334,147,2,0,0.0025170869707739694,0
476,0.27004626393318176,0.8313802083333334,148,2,0,0.0025170869707739694,0
477,0.16555620729923248,0.8313802083333334,149,2,0,0.0025170869707739694,0
478,0.21344390511512756,0.8321520618556701,150,2,0,0.0025170869707739694,0
479,0.33794650435447693,0.8321520618556701,151,2,0,0.0025170869707739694,0
480,0.24002863466739655,0.8321520618556701,152,2,0,0.0025170869707739694,0
481,0.39338943362236023,0.8321520618556701,153,2,0,0.0025170869707739694,0
482,0.2658368647098541,0.8321520618556701,154,2,0,0.0025170869707739694,0
483,0.21289582550525665,0.8329081632653061,155,2,0,0.0025170869707739694,0
484,0.24499404430389404,0.8329081632653061,156,2,0,0.0025170869707739694,0
485,0.16354182362556458,0.8329081632653061,157,2,0,0.0025170869707739694,0
486,0.44568777084350586,0.8329081632653061,158,2,0,0.0025170869707739694,0
487,0.2608523666858673,0.8329081632653061,159,2,0,0.0025170869707739694,0
488,0.3196331262588501,0.8330176767676768,160,2,0,0.0025170869707739694,0
489,0.24845314025878906,0.8330176767676768,161,2,0,0.0025170869707739694,0
490,0.22826600074768066,0.8330176767676768,162,2,0,0.0025170869707739694,0
491,0.22847935557365417,0.8330176767676768,163,2,0,0.0025170869707739694,0
