1631897362.4475124
1631897395.800044
1631897409.2994502
1631897420.8266716
1631897432.3643165
1631897444.5899444
1631897456.6519487
1631897468.545126
1631897480.1253538
1631897492.2759652
1631897504.0216966
1631897525.5869725
1631897531.5808518
1631897535.503415
1631897539.4116628
1631897543.4310753
1631897547.6239128
1631897551.7810674
1631897555.7926946
1631897559.852316
1631897563.732695
1631897567.8639443
1631897571.9012332
1631897576.0493352
1631897580.0797074
1631897584.1275537
1631897588.0967796
1631897592.24063
1631897596.544061
1631897600.7491338
1631897605.0180373
1631897609.3541622
1631897613.7564156
1631897622.1169808
1631897625.6529922
1631897627.4427233
1631897629.4140015
1631897631.204577
1631897632.9495983
1631897634.707873
1631897636.442767
1631897638.2737951
1631897640.0176353
1631897641.8921347
1631897643.7363412
1631897645.4972925
1631897647.3550134
1631899614.8386142
1631899621.8021953
1631899626.3701768
1631899630.7758656
1631899635.3019361
1631899639.7553174
1631899644.4303799
1631899648.7338948
1631899653.0985587
1631899657.414588
1631899662.1356611
1631899666.6151235
1631899671.1087787
1631899675.5575607
1631899680.033355
1631899684.7356596
1631899689.4138088
1631899694.1556082
1631899698.9279451
1631899703.679241
1631899707.9558413
1631899712.2772036
1631899716.814006
1631899819.2750528
1631899830.9743521
1631899840.9445965
1631899850.4399126
1631899859.6317196
1631899869.1104794
1631899878.5917501
1631899888.0512233
1631899897.6373074
1631899906.5865312
1631899917.7655904
1631899938.5974605
1631899956.9484494
1631900009.0420525
1631900028.9113624
1631900050.7936063
1631900060.3366995
1631900068.4615107
1631900076.149788
1631900083.6095498
1631900091.4646163
1631900098.998379
1631900106.4971013
1631900114.409466
1631900122.263819
1631900217.1140006
1631900229.9435196
1631900241.0172303
1631900252.0368536
1631900262.754686
1631900273.4989426
1631900284.4508185
1631900308.4872622
1631900326.4192486
1631900341.6867008
1631900357.6415942
1631900383.011535
1631900409.6915953
1631900434.4567041
1631900460.0298827
1631900512.607706
1631900525.4818153
1631900603.7122662
1631900681.1233275
1631900759.0324523
1631900835.759435
1631900913.152868
1631900989.2273655
1631901066.438318
1631901143.823045
1631901220.853287
1631901298.7421677
1631901375.104914
1631901450.9238224
1631901528.0670145
1631901604.2072728
1631901682.3933303
1631901759.6683495
1631901838.2999809
1631901942.704378
1631901974.4050775
1631902004.8880467
1631902036.3051507
1631902067.8863304
1631902098.432482
1631902129.7424688
1631902160.4996777
1631902190.7652051
1631902221.1263278
1631937311.2010586
1631937343.1646104
1631937373.6409304
1631937404.9741101
1631937434.80015
1631937515.0797756
1631937658.3870738
1631937686.8731933
1631937730.9003336
1631937769.5864284
1631937883.578847
1631938064.2668211
1631938116.9454827
1631938169.3480265
1632223345.6473444
1632223420.7385678
1632224847.4281406
1632224886.241795
1632224923.3495598
1632224959.1024776
1632224994.9656308
1632225031.3542137
1632225099.4602168
1632225424.010867
1632225553.0629272
1632225670.0623322
1632225784.9043493
1632225908.4578497
1632226040.6927547
1632226113.0540967
1632226214.2644634
1632226364.4474792
1632226455.2536097
1632227028.69512
1632227071.4005885
1632227161.399773
1632227187.9517612
1632227237.1656935
1632227573.08497
1632227625.2027807
1632227710.604465
1632227757.5856173
1632227816.2445943
1632227960.0778248
1632228117.4992976
1632229497.2112682
1632229577.434343
1632229855.7160823
1632229931.607469
1632230248.7871678
1632230406.80918
1632230644.294718
1632230792.6073604
1632230851.1015391
1632231026.7129302
1632231297.8057632
1632231334.8604982
1632231502.5042887
1632231540.802194
1632231591.8026106
1632231690.520421
1632231843.9310207
1632232067.928192
1632232140.8919082
1632232187.634754
1632232265.449623
1632232365.9868927
1632232485.3289666
1632232678.3377469
1632232869.4416003
1632233060.693402
1632233251.8855414
1632233441.6903622
1632233632.8419266
1632233824.0437071
1632234014.117829
1632234201.9116116
1632234389.4171987
1632234577.252458
1632234764.5347319
1632234952.0617177
1632235140.0133781
1632235327.6090224
1632235515.8448603
1632235791.040487
1632235994.2622569
1632236157.259182
1632236350.436995
1632236542.1770344
1632236629.8747108
